shape_id,shape_pt_lon,shape_pt_lat,shape_pt_sequence
135,-78.494232,38.041900,1
135,-78.492140,38.041800,2
135,-78.492120,38.041760,3
135,-78.492099,38.041620,4
135,-78.492110,38.041470,5
135,-78.492130,38.040780,6
135,-78.492099,38.040460,7
135,-78.492080,38.040360,8
135,-78.491820,38.039910,9
135,-78.491260,38.039240,10
135,-78.491280,38.039120,11
135,-78.491300,38.039040,12
135,-78.491640,38.038560,13
135,-78.491919,38.038610,14
135,-78.492570,38.038820,15
135,-78.493380,38.039110,16
135,-78.494280,38.039420,17
135,-78.495250,38.039770,18
135,-78.496200,38.040150,19
135,-78.496770,38.039210,20
135,-78.497610,38.037770,21
135,-78.497870,38.037280,22
135,-78.497890,38.037240,23
135,-78.498480,38.036090,24
135,-78.498670,38.035710,25
135,-78.499200,38.034750,26
135,-78.499540,38.033990,27
135,-78.498890,38.033660,28
135,-78.498320,38.033420,29
135,-78.497730,38.033250,30
135,-78.498840,38.032910,31
135,-78.499760,38.032680,32
135,-78.501780,38.032100,33
135,-78.502710,38.032070,34
135,-78.503640,38.032030,35
135,-78.504600,38.032030,36
135,-78.505910,38.032070,37
135,-78.506390,38.032100,38
135,-78.506790,38.032120,39
135,-78.507400,38.032090,40
135,-78.507490,38.032070,41
135,-78.507580,38.032020,42
135,-78.507820,38.031770,43
135,-78.507920,38.031610,44
135,-78.508070,38.031360,45
135,-78.508380,38.030850,46
135,-78.509340,38.029350,47
135,-78.509680,38.028870,48
135,-78.510060,38.028520,49
135,-78.510670,38.028140,50
135,-78.511350,38.027730,51
135,-78.512440,38.027060,52
135,-78.512900,38.026760,53
135,-78.513400,38.026450,54
135,-78.513949,38.026280,55
135,-78.514950,38.025960,56
135,-78.514980,38.025890,57
135,-78.516420,38.025910,58
135,-78.517990,38.025920,59
135,-78.518700,38.025930,60
135,-78.519520,38.025990,61
135,-78.519990,38.026050,62
135,-78.520690,38.026120,63
135,-78.521060,38.027020,64
135,-78.520520,38.027240,65
135,-78.520230,38.027630,66
135,-78.520230,38.028080,67
135,-78.520230,38.028490,68
135,-78.520020,38.028480,69
135,-78.519660,38.028450,70
135,-78.518850,38.028480,71
135,-78.516770,38.028660,72
135,-78.516470,38.028680,73
135,-78.516430,38.029120,74
135,-78.516390,38.029260,75
135,-78.515872,38.030206,76
135,-78.515211,38.029783,77
135,-78.514703,38.029487,78
135,-78.514068,38.029565,79
135,-78.513367,38.029880,80
135,-78.511027,38.031479,81
135,-78.512110,38.032110,82
135,-78.512230,38.032140,83
135,-78.512770,38.032200,84
135,-78.513480,38.032220,85
135,-78.513620,38.032240,86
135,-78.514030,38.032340,87
135,-78.514580,38.032540,88
135,-78.514250,38.033220,89
135,-78.514160,38.033580,90
135,-78.514120,38.033950,91
135,-78.514050,38.035220,92
135,-78.513810,38.035230,93
135,-78.513700,38.035220,94
135,-78.513660,38.035210,95
135,-78.513460,38.035090,96
135,-78.512829,38.034680,97
135,-78.512460,38.034530,98
135,-78.511080,38.034030,99
135,-78.510900,38.033980,100
135,-78.510510,38.033860,101
135,-78.510150,38.033770,102
135,-78.509630,38.033730,103
135,-78.508890,38.033710,104
135,-78.508450,38.033690,105
135,-78.507960,38.033650,106
135,-78.507710,38.033670,107
135,-78.507490,38.033710,108
135,-78.507260,38.033810,109
135,-78.507000,38.033930,110
135,-78.506650,38.034090,111
135,-78.506310,38.034230,112
135,-78.505990,38.034380,113
135,-78.505840,38.034510,114
135,-78.505750,38.034600,115
135,-78.505170,38.035570,116
135,-78.504780,38.036190,117
135,-78.504570,38.036530,118
135,-78.504490,38.036630,119
135,-78.504390,38.036690,120
135,-78.504170,38.036760,121
135,-78.503890,38.036780,122
135,-78.503410,38.036750,123
135,-78.503350,38.036860,124
135,-78.502700,38.037910,125
135,-78.502140,38.038930,126
135,-78.501870,38.039450,127
135,-78.501790,38.039580,128
135,-78.501700,38.039710,129
135,-78.501230,38.040460,130
135,-78.501000,38.040830,131
135,-78.500390,38.041730,132
135,-78.499480,38.041350,133
135,-78.499350,38.041300,134
135,-78.498710,38.041040,135
135,-78.498250,38.040870,136
135,-78.497760,38.040690,137
135,-78.497200,38.040480,138
135,-78.496200,38.040150,139
135,-78.495900,38.040710,140
135,-78.495820,38.040820,141
135,-78.495710,38.040940,142
135,-78.495560,38.041050,143
135,-78.494249,38.041820,144
135,-78.494050,38.041870,145
135,-78.493810,38.041880,146
135,-78.493094,38.041834,147
136,-78.514755,38.029529,1
136,-78.514935,38.029612,2
136,-78.514973,38.029639,3
136,-78.515269,38.029829,4
136,-78.515868,38.030214,5
136,-78.516129,38.029743,6
136,-78.516319,38.029399,7
136,-78.516390,38.029260,8
136,-78.516427,38.029115,9
136,-78.516470,38.028680,10
136,-78.516460,38.027590,11
136,-78.516390,38.027390,12
136,-78.516360,38.027270,13
136,-78.516099,38.027110,14
136,-78.515620,38.026790,15
136,-78.515490,38.026690,16
136,-78.515320,38.026500,17
136,-78.514979,38.025890,18
136,-78.514920,38.025890,19
136,-78.514820,38.025900,20
136,-78.514619,38.025930,21
136,-78.514490,38.025950,22
136,-78.513310,38.026350,23
136,-78.512820,38.026660,24
136,-78.512350,38.026950,25
136,-78.511250,38.027630,26
136,-78.510570,38.028050,27
136,-78.509950,38.028440,28
136,-78.509580,38.028810,29
136,-78.509250,38.029280,30
136,-78.508219,38.030810,31
136,-78.507950,38.031280,32
136,-78.507690,38.031689,33
136,-78.507580,38.032020,34
136,-78.507490,38.032070,35
136,-78.507400,38.032090,36
136,-78.506790,38.032120,37
136,-78.506390,38.032100,38
136,-78.505910,38.032070,39
136,-78.504600,38.032030,40
136,-78.503640,38.032030,41
136,-78.502710,38.032070,42
136,-78.502249,38.032085,43
136,-78.501780,38.032100,44
136,-78.501700,38.031790,45
136,-78.501600,38.031670,46
136,-78.501400,38.031550,47
136,-78.500530,38.031200,48
136,-78.499450,38.030780,49
136,-78.499060,38.030590,50
136,-78.498820,38.030300,51
136,-78.496780,38.030850,52
136,-78.496840,38.031140,53
136,-78.497400,38.031380,54
136,-78.497770,38.031540,55
136,-78.498260,38.031750,56
136,-78.498840,38.032010,57
136,-78.499430,38.032240,58
136,-78.499690,38.032390,59
136,-78.499790,38.032500,60
136,-78.499799,38.032610,61
136,-78.499760,38.032680,62
136,-78.501780,38.032100,63
136,-78.502249,38.032084,64
136,-78.502710,38.032070,65
136,-78.503640,38.032030,66
136,-78.504600,38.032030,67
136,-78.505910,38.032070,68
136,-78.506390,38.032100,69
136,-78.506790,38.032120,70
136,-78.507400,38.032090,71
136,-78.507490,38.032070,72
136,-78.507580,38.032020,73
136,-78.507850,38.031960,74
136,-78.508080,38.031960,75
136,-78.508280,38.031990,76
136,-78.508590,38.032120,77
136,-78.508740,38.032240,78
136,-78.509370,38.032180,79
136,-78.509520,38.032150,80
136,-78.510080,38.031740,81
136,-78.510580,38.031250,82
136,-78.510830,38.030990,83
136,-78.511520,38.030490,84
136,-78.512330,38.029940,85
136,-78.513070,38.029500,86
136,-78.513750,38.029050,87
136,-78.514247,38.029545,88
136,-78.514368,38.029521,89
136,-78.514700,38.029498,90
136,-78.514933,38.029612,91
136,-78.514971,38.029638,92
137,-78.514787,38.029543,1
137,-78.514932,38.029612,2
137,-78.515868,38.030215,3
137,-78.516390,38.029260,4
137,-78.516430,38.029120,5
137,-78.516470,38.028680,6
137,-78.515210,38.028580,7
137,-78.514760,38.028610,8
137,-78.514480,38.028650,9
137,-78.513750,38.029050,10
137,-78.513070,38.029500,11
137,-78.512330,38.029940,12
137,-78.511520,38.030490,13
137,-78.510830,38.030990,14
137,-78.510580,38.031250,15
137,-78.510080,38.031740,16
137,-78.509520,38.032150,17
137,-78.509370,38.032180,18
137,-78.508740,38.032240,19
137,-78.508590,38.032120,20
137,-78.508280,38.031990,21
137,-78.508080,38.031960,22
137,-78.507850,38.031960,23
137,-78.507580,38.032020,24
137,-78.507490,38.032070,25
137,-78.507400,38.032090,26
137,-78.506790,38.032120,27
137,-78.506390,38.032100,28
137,-78.505910,38.032070,29
137,-78.504600,38.032030,30
137,-78.503640,38.032030,31
137,-78.502710,38.032070,32
137,-78.501780,38.032100,33
137,-78.501700,38.031790,34
137,-78.501600,38.031670,35
137,-78.501400,38.031550,36
137,-78.500530,38.031200,37
137,-78.499450,38.030780,38
137,-78.499060,38.030590,39
137,-78.498820,38.030300,40
137,-78.496780,38.030850,41
137,-78.496840,38.031140,42
137,-78.497400,38.031380,43
137,-78.497770,38.031540,44
137,-78.498260,38.031750,45
137,-78.498840,38.032010,46
137,-78.499430,38.032240,47
137,-78.499690,38.032390,48
137,-78.499790,38.032500,49
137,-78.499799,38.032610,50
137,-78.499760,38.032680,51
137,-78.501780,38.032100,52
137,-78.502710,38.032070,53
137,-78.503640,38.032030,54
137,-78.504600,38.032030,55
137,-78.505910,38.032070,56
137,-78.506390,38.032100,57
137,-78.506790,38.032120,58
137,-78.507400,38.032090,59
137,-78.507490,38.032070,60
137,-78.507580,38.032020,61
137,-78.507850,38.031960,62
137,-78.508080,38.031960,63
137,-78.508280,38.031990,64
137,-78.508590,38.032120,65
137,-78.508740,38.032240,66
137,-78.509370,38.032180,67
137,-78.509520,38.032150,68
137,-78.510080,38.031740,69
137,-78.510580,38.031250,70
137,-78.510830,38.030990,71
137,-78.511520,38.030490,72
137,-78.512330,38.029940,73
137,-78.513070,38.029500,74
137,-78.513750,38.029050,75
137,-78.514213,38.029552,76
137,-78.514368,38.029522,77
137,-78.514697,38.029499,78
137,-78.514932,38.029612,79
137,-78.514978,38.029641,80
138,-78.500296,38.032526,1
138,-78.501780,38.032100,2
138,-78.502710,38.032070,3
138,-78.503640,38.032030,4
138,-78.504600,38.032030,5
138,-78.505910,38.032070,6
138,-78.506390,38.032100,7
138,-78.506790,38.032120,8
138,-78.507400,38.032090,9
138,-78.507490,38.032070,10
138,-78.507580,38.032020,11
138,-78.507850,38.031960,12
138,-78.508080,38.031960,13
138,-78.508280,38.031990,14
138,-78.508590,38.032120,15
138,-78.508740,38.032240,16
138,-78.509370,38.032180,17
138,-78.509520,38.032150,18
138,-78.510080,38.031740,19
138,-78.510580,38.031250,20
138,-78.510830,38.030990,21
138,-78.511520,38.030490,22
138,-78.512330,38.029940,23
138,-78.513070,38.029500,24
138,-78.513750,38.029050,25
138,-78.514214,38.029552,26
138,-78.514367,38.029522,27
138,-78.514698,38.029499,28
138,-78.514931,38.029612,29
139,-78.514802,38.029549,1
139,-78.514938,38.029614,2
139,-78.515868,38.030215,3
139,-78.516319,38.029398,4
139,-78.516384,38.029270,5
139,-78.516428,38.029115,6
139,-78.516470,38.028680,7
139,-78.515210,38.028580,8
139,-78.514760,38.028610,9
139,-78.514480,38.028650,10
139,-78.513750,38.029050,11
139,-78.513070,38.029500,12
139,-78.512330,38.029940,13
139,-78.511520,38.030490,14
139,-78.510830,38.030990,15
139,-78.510580,38.031250,16
139,-78.510080,38.031740,17
139,-78.509520,38.032150,18
139,-78.509370,38.032180,19
139,-78.508740,38.032240,20
139,-78.508590,38.032120,21
139,-78.508280,38.031990,22
139,-78.508080,38.031960,23
139,-78.507850,38.031960,24
139,-78.507580,38.032020,25
139,-78.507490,38.032070,26
139,-78.507400,38.032090,27
139,-78.506790,38.032120,28
139,-78.506390,38.032100,29
139,-78.505910,38.032070,30
139,-78.504600,38.032030,31
139,-78.503640,38.032030,32
139,-78.502710,38.032070,33
139,-78.501780,38.032100,34
139,-78.501700,38.031790,35
139,-78.501600,38.031670,36
139,-78.501400,38.031550,37
139,-78.500530,38.031200,38
139,-78.499450,38.030780,39
139,-78.499060,38.030590,40
139,-78.498820,38.030300,41
139,-78.496780,38.030850,42
139,-78.496840,38.031140,43
139,-78.497400,38.031380,44
139,-78.497770,38.031540,45
139,-78.498260,38.031750,46
139,-78.498840,38.032010,47
139,-78.499430,38.032240,48
139,-78.499690,38.032390,49
139,-78.499790,38.032500,50
139,-78.499799,38.032610,51
139,-78.499764,38.032681,52
139,-78.500585,38.032456,53
152,-78.515211,38.029783,1
152,-78.514703,38.029487,2
152,-78.514068,38.029565,3
152,-78.513367,38.029880,4
152,-78.511027,38.031479,5
152,-78.512110,38.032110,6
152,-78.512230,38.032140,7
152,-78.512770,38.032200,8
152,-78.513480,38.032220,9
152,-78.513620,38.032240,10
152,-78.514030,38.032340,11
152,-78.514580,38.032540,12
152,-78.514250,38.033220,13
152,-78.514160,38.033580,14
152,-78.514120,38.033950,15
152,-78.514050,38.035220,16
152,-78.513810,38.035230,17
152,-78.513700,38.035220,18
152,-78.513660,38.035210,19
152,-78.513460,38.035090,20
152,-78.512829,38.034680,21
152,-78.512460,38.034530,22
152,-78.511080,38.034030,23
152,-78.510900,38.033980,24
152,-78.510510,38.033860,25
152,-78.510150,38.033770,26
152,-78.509630,38.033730,27
152,-78.508890,38.033710,28
152,-78.508450,38.033690,29
152,-78.507960,38.033650,30
152,-78.507710,38.033670,31
152,-78.507490,38.033710,32
152,-78.507260,38.033810,33
152,-78.507000,38.033930,34
152,-78.506650,38.034090,35
152,-78.506310,38.034230,36
152,-78.505990,38.034380,37
152,-78.505840,38.034510,38
152,-78.505750,38.034600,39
152,-78.505170,38.035570,40
152,-78.504780,38.036190,41
152,-78.504570,38.036530,42
152,-78.504490,38.036630,43
152,-78.504390,38.036690,44
152,-78.504170,38.036760,45
152,-78.503890,38.036780,46
152,-78.503410,38.036750,47
152,-78.503350,38.036860,48
152,-78.502700,38.037910,49
152,-78.502140,38.038930,50
152,-78.501870,38.039450,51
152,-78.501790,38.039580,52
152,-78.501700,38.039710,53
152,-78.501230,38.040460,54
152,-78.501000,38.040830,55
152,-78.500390,38.041730,56
152,-78.499480,38.041350,57
152,-78.499350,38.041300,58
152,-78.498710,38.041040,59
152,-78.498250,38.040870,60
152,-78.497760,38.040690,61
152,-78.497200,38.040480,62
152,-78.496200,38.040150,63
152,-78.495900,38.040710,64
152,-78.495820,38.040820,65
152,-78.495710,38.040940,66
152,-78.495560,38.041050,67
152,-78.494249,38.041820,68
152,-78.494050,38.041870,69
152,-78.493810,38.041880,70
152,-78.493026,38.041830,71
166,-78.493810,38.041880,1
166,-78.492140,38.041800,2
166,-78.492120,38.041760,3
166,-78.492099,38.041620,4
166,-78.492110,38.041470,5
166,-78.492130,38.040780,6
166,-78.492099,38.040460,7
166,-78.492080,38.040360,8
166,-78.491820,38.039910,9
166,-78.491260,38.039240,10
166,-78.491280,38.039120,11
166,-78.491300,38.039040,12
166,-78.491640,38.038560,13
166,-78.491919,38.038610,14
166,-78.492570,38.038820,15
166,-78.493380,38.039110,16
166,-78.494280,38.039420,17
166,-78.495250,38.039770,18
166,-78.496200,38.040150,19
166,-78.496770,38.039210,20
166,-78.497610,38.037770,21
166,-78.497870,38.037280,22
166,-78.497890,38.037240,23
166,-78.498480,38.036090,24
166,-78.498670,38.035710,25
166,-78.499200,38.034750,26
166,-78.499540,38.033990,27
166,-78.498890,38.033660,28
166,-78.498320,38.033420,29
166,-78.497730,38.033250,30
166,-78.498840,38.032910,31
166,-78.499760,38.032680,32
166,-78.501780,38.032100,33
166,-78.502710,38.032070,34
166,-78.503640,38.032030,35
166,-78.504600,38.032030,36
166,-78.505910,38.032070,37
166,-78.506390,38.032100,38
166,-78.506790,38.032120,39
166,-78.507400,38.032090,40
166,-78.507490,38.032070,41
166,-78.507580,38.032020,42
166,-78.507820,38.031770,43
166,-78.507920,38.031610,44
166,-78.508070,38.031360,45
166,-78.508380,38.030850,46
166,-78.509340,38.029350,47
166,-78.509680,38.028870,48
166,-78.510060,38.028520,49
166,-78.510670,38.028140,50
166,-78.511350,38.027730,51
166,-78.512440,38.027060,52
166,-78.512900,38.026760,53
166,-78.513400,38.026450,54
166,-78.513949,38.026280,55
166,-78.514950,38.025960,56
166,-78.514980,38.025890,57
166,-78.516420,38.025910,58
166,-78.517990,38.025920,59
166,-78.518700,38.025930,60
166,-78.519520,38.025990,61
166,-78.519990,38.026050,62
166,-78.520690,38.026120,63
166,-78.521060,38.027020,64
166,-78.520520,38.027240,65
166,-78.520230,38.027630,66
166,-78.520230,38.028080,67
166,-78.520230,38.028490,68
166,-78.520020,38.028480,69
166,-78.519660,38.028450,70
166,-78.518850,38.028480,71
166,-78.516770,38.028660,72
166,-78.516470,38.028680,73
166,-78.516430,38.029120,74
166,-78.516390,38.029260,75
166,-78.515872,38.030206,76
166,-78.515211,38.029783,77
166,-78.514703,38.029487,78
166,-78.514068,38.029565,79
166,-78.513367,38.029880,80
166,-78.511027,38.031479,81
166,-78.512110,38.032110,82
166,-78.512230,38.032140,83
166,-78.512770,38.032200,84
166,-78.513480,38.032220,85
166,-78.513620,38.032240,86
166,-78.514030,38.032340,87
166,-78.514580,38.032540,88
166,-78.514250,38.033220,89
166,-78.514160,38.033580,90
166,-78.514120,38.033950,91
166,-78.514050,38.035220,92
166,-78.513810,38.035230,93
166,-78.513700,38.035220,94
166,-78.513660,38.035210,95
166,-78.513460,38.035090,96
166,-78.512829,38.034680,97
166,-78.512460,38.034530,98
166,-78.511080,38.034030,99
166,-78.510900,38.033980,100
166,-78.510510,38.033860,101
166,-78.510150,38.033770,102
166,-78.509630,38.033730,103
166,-78.508890,38.033710,104
166,-78.508450,38.033690,105
166,-78.507960,38.033650,106
166,-78.507710,38.033670,107
166,-78.507490,38.033710,108
166,-78.507260,38.033810,109
166,-78.507000,38.033930,110
166,-78.506650,38.034090,111
166,-78.506310,38.034230,112
166,-78.505990,38.034380,113
166,-78.505840,38.034510,114
166,-78.505750,38.034600,115
166,-78.505170,38.035570,116
166,-78.504570,38.036530,117
168,-78.494050,38.041870,1
168,-78.492140,38.041800,2
168,-78.492120,38.041760,3
168,-78.492099,38.041620,4
168,-78.492110,38.041470,5
168,-78.492130,38.040780,6
168,-78.492099,38.040460,7
168,-78.492080,38.040360,8
168,-78.491820,38.039910,9
168,-78.491260,38.039240,10
168,-78.491280,38.039120,11
168,-78.491300,38.039040,12
168,-78.491640,38.038560,13
168,-78.491919,38.038610,14
168,-78.492570,38.038820,15
168,-78.493380,38.039110,16
168,-78.494280,38.039420,17
168,-78.495250,38.039770,18
168,-78.496200,38.040150,19
168,-78.497200,38.040480,20
168,-78.497760,38.040690,21
168,-78.498250,38.040870,22
168,-78.498710,38.041040,23
168,-78.499350,38.041300,24
168,-78.499480,38.041350,25
168,-78.500390,38.041730,26
168,-78.501000,38.040830,27
168,-78.501230,38.040460,28
168,-78.501700,38.039710,29
168,-78.501790,38.039580,30
168,-78.501870,38.039450,31
168,-78.502140,38.038930,32
168,-78.502700,38.037910,33
168,-78.503350,38.036860,34
168,-78.503410,38.036750,35
168,-78.503890,38.036780,36
168,-78.504170,38.036760,37
168,-78.504390,38.036690,38
168,-78.504490,38.036630,39
168,-78.504570,38.036530,40
168,-78.504780,38.036190,41
168,-78.505170,38.035570,42
168,-78.505750,38.034600,43
168,-78.505840,38.034510,44
168,-78.505990,38.034380,45
168,-78.506310,38.034230,46
168,-78.506650,38.034090,47
168,-78.507000,38.033930,48
168,-78.507260,38.033810,49
168,-78.507490,38.033710,50
168,-78.507710,38.033670,51
168,-78.507960,38.033650,52
168,-78.508450,38.033690,53
168,-78.508890,38.033710,54
168,-78.509630,38.033730,55
168,-78.510150,38.033770,56
168,-78.510510,38.033860,57
168,-78.510900,38.033980,58
168,-78.511080,38.034030,59
168,-78.512460,38.034530,60
168,-78.512829,38.034680,61
168,-78.513460,38.035090,62
168,-78.513660,38.035210,63
168,-78.513700,38.035220,64
168,-78.513810,38.035230,65
168,-78.514050,38.035220,66
168,-78.514120,38.033950,67
168,-78.514160,38.033580,68
168,-78.514250,38.033220,69
168,-78.514580,38.032540,70
168,-78.514030,38.032340,71
168,-78.513620,38.032240,72
168,-78.513480,38.032220,73
168,-78.512770,38.032200,74
168,-78.512230,38.032140,75
168,-78.512110,38.032110,76
168,-78.511021,38.031488,77
168,-78.512185,38.030678,78
168,-78.513539,38.029786,79
168,-78.514000,38.029595,80
168,-78.514713,38.029493,81
168,-78.515866,38.030195,82
168,-78.516319,38.029400,83
168,-78.516430,38.029120,84
168,-78.516470,38.028680,85
168,-78.516460,38.027590,86
168,-78.516390,38.027390,87
168,-78.516360,38.027270,88
168,-78.516099,38.027110,89
168,-78.515620,38.026790,90
168,-78.515490,38.026690,91
168,-78.515320,38.026500,92
168,-78.514979,38.025890,93
168,-78.514920,38.025890,94
168,-78.514820,38.025900,95
168,-78.514619,38.025930,96
168,-78.514490,38.025950,97
168,-78.513310,38.026350,98
168,-78.512820,38.026660,99
168,-78.512350,38.026950,100
168,-78.511250,38.027630,101
168,-78.510570,38.028050,102
168,-78.509950,38.028440,103
168,-78.509580,38.028810,104
168,-78.509250,38.029280,105
168,-78.508220,38.030810,106
168,-78.507949,38.031280,107
168,-78.507690,38.031690,108
168,-78.507580,38.032020,109
168,-78.507490,38.032070,110
168,-78.507400,38.032090,111
168,-78.506790,38.032120,112
168,-78.506390,38.032100,113
168,-78.505910,38.032070,114
168,-78.504600,38.032030,115
168,-78.503640,38.032030,116
168,-78.502710,38.032070,117
168,-78.501780,38.032100,118
168,-78.499760,38.032680,119
168,-78.498840,38.032910,120
168,-78.497730,38.033250,121
168,-78.498320,38.033420,122
168,-78.498890,38.033660,123
168,-78.499540,38.033990,124
168,-78.499200,38.034750,125
168,-78.498670,38.035710,126
168,-78.498480,38.036090,127
168,-78.497890,38.037240,128
168,-78.497870,38.037280,129
168,-78.497610,38.037770,130
168,-78.496770,38.039210,131
168,-78.496200,38.040150,132
168,-78.495900,38.040710,133
168,-78.495820,38.040820,134
168,-78.495710,38.040940,135
168,-78.495560,38.041050,136
168,-78.494249,38.041820,137
168,-78.494050,38.041870,138
168,-78.493810,38.041880,139
168,-78.492947,38.041829,140
172,-78.514713,38.029493,1
172,-78.515866,38.030195,2
172,-78.516319,38.029400,3
172,-78.516430,38.029120,4
172,-78.516470,38.028680,5
172,-78.516460,38.027590,6
172,-78.516390,38.027390,7
172,-78.516360,38.027270,8
172,-78.516099,38.027110,9
172,-78.515620,38.026790,10
172,-78.515490,38.026690,11
172,-78.515320,38.026500,12
172,-78.514979,38.025890,13
172,-78.514920,38.025890,14
172,-78.514820,38.025900,15
172,-78.514619,38.025930,16
172,-78.514490,38.025950,17
172,-78.513310,38.026350,18
172,-78.512820,38.026660,19
172,-78.512350,38.026950,20
172,-78.511250,38.027630,21
172,-78.510570,38.028050,22
172,-78.509950,38.028440,23
172,-78.509580,38.028810,24
172,-78.509250,38.029280,25
172,-78.508220,38.030810,26
172,-78.507949,38.031280,27
172,-78.507690,38.031690,28
172,-78.507580,38.032020,29
172,-78.507490,38.032070,30
172,-78.507400,38.032090,31
172,-78.506790,38.032120,32
172,-78.506390,38.032100,33
172,-78.505910,38.032070,34
172,-78.504600,38.032030,35
172,-78.503640,38.032030,36
172,-78.502710,38.032070,37
172,-78.501800,38.032130,38
172,-78.499760,38.032680,39
172,-78.498840,38.032910,40
172,-78.497730,38.033250,41
172,-78.498320,38.033420,42
172,-78.498890,38.033660,43
172,-78.499540,38.033990,44
172,-78.499200,38.034750,45
172,-78.498670,38.035710,46
172,-78.498480,38.036090,47
172,-78.497890,38.037240,48
172,-78.497870,38.037280,49
172,-78.497610,38.037770,50
172,-78.496770,38.039210,51
172,-78.496200,38.040150,52
172,-78.495900,38.040710,53
172,-78.495820,38.040820,54
172,-78.495710,38.040940,55
172,-78.495560,38.041050,56
172,-78.494249,38.041820,57
172,-78.494050,38.041870,58
172,-78.493810,38.041880,59
172,-78.492947,38.041829,60
174,-78.493810,38.041880,1
174,-78.492140,38.041800,2
174,-78.492120,38.041760,3
174,-78.492099,38.041620,4
174,-78.492110,38.041470,5
174,-78.492130,38.040780,6
174,-78.492099,38.040460,7
174,-78.492080,38.040360,8
174,-78.491820,38.039910,9
174,-78.491260,38.039240,10
174,-78.491280,38.039120,11
174,-78.491300,38.039040,12
174,-78.491640,38.038560,13
174,-78.491919,38.038610,14
174,-78.492570,38.038820,15
174,-78.493380,38.039110,16
174,-78.494280,38.039420,17
174,-78.495250,38.039770,18
174,-78.496200,38.040150,19
174,-78.496770,38.039210,20
174,-78.497610,38.037770,21
174,-78.497870,38.037280,22
174,-78.497890,38.037240,23
174,-78.498480,38.036090,24
174,-78.498670,38.035710,25
174,-78.499200,38.034750,26
174,-78.499540,38.033990,27
174,-78.498890,38.033660,28
174,-78.498320,38.033420,29
174,-78.497730,38.033250,30
174,-78.498840,38.032910,31
174,-78.499760,38.032680,32
174,-78.501780,38.032100,33
178,-78.494050,38.041870,1
178,-78.492140,38.041800,2
178,-78.492120,38.041760,3
178,-78.492099,38.041620,4
178,-78.492110,38.041470,5
178,-78.492130,38.040780,6
178,-78.492099,38.040460,7
178,-78.492080,38.040360,8
178,-78.491820,38.039910,9
178,-78.491260,38.039240,10
178,-78.491280,38.039120,11
178,-78.491300,38.039040,12
178,-78.491640,38.038560,13
178,-78.491919,38.038610,14
178,-78.492570,38.038820,15
178,-78.493380,38.039110,16
178,-78.494280,38.039420,17
178,-78.495250,38.039770,18
178,-78.496200,38.040150,19
178,-78.497200,38.040480,20
178,-78.497760,38.040690,21
178,-78.498250,38.040870,22
178,-78.498710,38.041040,23
178,-78.499350,38.041300,24
178,-78.499480,38.041350,25
178,-78.500390,38.041730,26
178,-78.501000,38.040830,27
178,-78.501230,38.040460,28
178,-78.501700,38.039710,29
178,-78.501790,38.039580,30
178,-78.501870,38.039450,31
178,-78.502140,38.038930,32
178,-78.502700,38.037910,33
178,-78.503350,38.036860,34
178,-78.503410,38.036750,35
178,-78.503890,38.036780,36
178,-78.504170,38.036760,37
178,-78.504390,38.036690,38
178,-78.504490,38.036630,39
178,-78.504570,38.036530,40
178,-78.504780,38.036190,41
178,-78.505370,38.035238,42
189,-78.505170,38.035570,1
189,-78.504570,38.036530,2
189,-78.504570,38.036720,3
189,-78.504610,38.036910,4
189,-78.504670,38.037050,5
189,-78.504840,38.037310,6
189,-78.504930,38.037420,7
189,-78.505740,38.038930,8
189,-78.505889,38.039260,9
189,-78.505960,38.039370,10
189,-78.506130,38.039520,11
189,-78.506620,38.039820,12
189,-78.507340,38.040270,13
189,-78.508100,38.040680,14
189,-78.508800,38.041090,15
189,-78.509560,38.041550,16
189,-78.511470,38.042500,17
189,-78.511230,38.042680,18
189,-78.510970,38.042940,19
189,-78.510890,38.043090,20
189,-78.510859,38.043330,21
189,-78.510800,38.043580,22
189,-78.510880,38.044330,23
189,-78.510830,38.044660,24
189,-78.510620,38.045010,25
189,-78.510300,38.045460,26
189,-78.510116,38.045773,27
189,-78.509116,38.045348,28
189,-78.508704,38.045929,29
189,-78.509750,38.046390,30
189,-78.508510,38.047940,31
189,-78.508380,38.048000,32
189,-78.508039,38.048070,33
189,-78.507940,38.049060,34
189,-78.507960,38.049170,35
189,-78.508010,38.049250,36
189,-78.508100,38.049330,37
189,-78.508280,38.049440,38
189,-78.508470,38.049480,39
189,-78.509000,38.049410,40
189,-78.509310,38.049400,41
189,-78.509580,38.049420,42
189,-78.509829,38.049480,43
189,-78.510060,38.049620,44
189,-78.510250,38.049790,45
189,-78.510390,38.049970,46
189,-78.510450,38.050070,47
189,-78.510519,38.050260,48
189,-78.510419,38.050288,49
189,-78.510346,38.050375,50
189,-78.510376,38.050483,51
189,-78.510485,38.050544,52
189,-78.510641,38.050557,53
189,-78.510764,38.050518,54
189,-78.510730,38.050466,55
189,-78.510700,38.050423,56
189,-78.510648,38.050381,57
189,-78.510578,38.050356,58
189,-78.510595,38.050334,59
189,-78.510569,38.050315,60
189,-78.510530,38.050269,61
189,-78.510448,38.050070,62
189,-78.510390,38.049970,63
189,-78.510250,38.049790,64
189,-78.510060,38.049620,65
189,-78.509829,38.049480,66
189,-78.509580,38.049420,67
189,-78.509310,38.049400,68
189,-78.509000,38.049410,69
189,-78.508470,38.049480,70
189,-78.508280,38.049440,71
189,-78.508100,38.049330,72
189,-78.508010,38.049250,73
189,-78.507960,38.049170,74
189,-78.507940,38.049060,75
189,-78.508039,38.048070,76
189,-78.508380,38.048000,77
189,-78.508510,38.047940,78
189,-78.509750,38.046390,79
189,-78.510141,38.045780,80
189,-78.509127,38.045366,81
189,-78.508702,38.045941,82
189,-78.505160,38.044410,83
189,-78.505350,38.043880,84
189,-78.505400,38.043440,85
189,-78.506177,38.041161,86
189,-78.507604,38.041344,87
189,-78.508288,38.041666,88
189,-78.508800,38.041090,89
189,-78.509560,38.041550,90
189,-78.511470,38.042500,91
189,-78.512220,38.041780,92
189,-78.512460,38.041560,93
189,-78.512940,38.041280,94
189,-78.513080,38.041170,95
189,-78.513320,38.040940,96
189,-78.514080,38.040090,97
189,-78.515280,38.038740,98
189,-78.515379,38.038660,99
189,-78.515320,38.038580,100
189,-78.515220,38.038350,101
189,-78.514940,38.037640,102
189,-78.514439,38.036760,103
189,-78.514090,38.036070,104
189,-78.514050,38.035950,105
189,-78.514030,38.035730,106
189,-78.514050,38.035220,107
189,-78.513810,38.035230,108
189,-78.513700,38.035220,109
189,-78.513660,38.035210,110
189,-78.513460,38.035090,111
189,-78.512829,38.034680,112
189,-78.512460,38.034530,113
189,-78.511080,38.034030,114
189,-78.510900,38.033980,115
189,-78.510510,38.033860,116
189,-78.510150,38.033770,117
189,-78.509630,38.033730,118
189,-78.508889,38.033710,119
189,-78.508450,38.033690,120
189,-78.507960,38.033650,121
189,-78.507710,38.033670,122
189,-78.507490,38.033710,123
189,-78.507260,38.033810,124
189,-78.507000,38.033930,125
189,-78.506650,38.034090,126
189,-78.506310,38.034230,127
189,-78.505990,38.034380,128
189,-78.505840,38.034510,129
189,-78.505750,38.034600,130
189,-78.505170,38.035570,131
189,-78.504570,38.036530,132
191,-78.509814,38.044345,1
191,-78.508704,38.045941,2
191,-78.505160,38.044410,3
191,-78.505350,38.043880,4
191,-78.505400,38.043440,5
191,-78.506070,38.041490,6
191,-78.506176,38.041168,7
191,-78.507604,38.041344,8
191,-78.508288,38.041666,9
191,-78.508784,38.041131,10
191,-78.506562,38.039842,11
191,-78.506788,38.039208,12
191,-78.507090,38.038510,13
191,-78.507430,38.037500,14
191,-78.507770,38.036580,15
191,-78.508700,38.034230,16
191,-78.508889,38.033710,17
191,-78.508970,38.033290,18
191,-78.509090,38.032760,19
191,-78.508930,38.032520,20
191,-78.508740,38.032240,21
191,-78.508590,38.032120,22
191,-78.508280,38.031990,23
191,-78.508080,38.031960,24
191,-78.507850,38.031960,25
191,-78.507580,38.032020,26
191,-78.507490,38.032070,27
191,-78.507400,38.032090,28
191,-78.506790,38.032120,29
191,-78.506390,38.032100,30
191,-78.505910,38.032070,31
191,-78.504600,38.032030,32
191,-78.503640,38.032030,33
191,-78.502710,38.032070,34
191,-78.501780,38.032100,35
191,-78.501700,38.031790,36
191,-78.501600,38.031670,37
191,-78.501400,38.031550,38
191,-78.500530,38.031200,39
191,-78.499450,38.030780,40
191,-78.499060,38.030590,41
191,-78.498820,38.030300,42
191,-78.496780,38.030850,43
191,-78.496840,38.031140,44
191,-78.497400,38.031380,45
191,-78.497770,38.031540,46
191,-78.498260,38.031750,47
191,-78.498840,38.032010,48
191,-78.499430,38.032240,49
191,-78.499690,38.032390,50
191,-78.499790,38.032500,51
191,-78.499799,38.032610,52
191,-78.499760,38.032680,53
191,-78.501780,38.032100,54
191,-78.502710,38.032070,55
191,-78.503640,38.032030,56
191,-78.504600,38.032030,57
191,-78.505910,38.032070,58
191,-78.506390,38.032100,59
191,-78.506790,38.032120,60
191,-78.507400,38.032090,61
191,-78.507490,38.032070,62
191,-78.507580,38.032020,63
191,-78.507850,38.031960,64
191,-78.508080,38.031960,65
191,-78.508280,38.031990,66
191,-78.508590,38.032120,67
191,-78.508740,38.032240,68
191,-78.508930,38.032520,69
191,-78.509090,38.032760,70
191,-78.508970,38.033290,71
191,-78.508890,38.033710,72
191,-78.508700,38.034230,73
191,-78.507770,38.036580,74
191,-78.507449,38.037509,75
191,-78.507116,38.038522,76
191,-78.506820,38.039210,77
191,-78.506620,38.039820,78
191,-78.507340,38.040270,79
191,-78.508100,38.040680,80
191,-78.508800,38.041090,81
191,-78.509560,38.041550,82
191,-78.511470,38.042500,83
191,-78.511230,38.042680,84
191,-78.510970,38.042940,85
191,-78.510890,38.043090,86
191,-78.510859,38.043330,87
191,-78.510806,38.043494,88
191,-78.510880,38.044330,89
191,-78.510859,38.044660,90
191,-78.510740,38.044900,91
191,-78.510245,38.044771,92
191,-78.510589,38.044339,93
191,-78.510595,38.044157,94
191,-78.510451,38.044051,95
191,-78.510123,38.043894,96
191,-78.509263,38.045135,97
192,-78.499665,38.032707,1
192,-78.501780,38.032100,2
192,-78.502710,38.032070,3
192,-78.503640,38.032030,4
192,-78.504600,38.032030,5
192,-78.505910,38.032070,6
192,-78.506390,38.032100,7
192,-78.506790,38.032120,8
192,-78.507400,38.032090,9
192,-78.507490,38.032070,10
192,-78.507580,38.032020,11
192,-78.507850,38.031960,12
192,-78.508080,38.031960,13
192,-78.508280,38.031990,14
192,-78.508590,38.032120,15
192,-78.508740,38.032240,16
192,-78.508930,38.032520,17
192,-78.509090,38.032760,18
192,-78.508970,38.033290,19
192,-78.508889,38.033710,20
192,-78.508700,38.034230,21
192,-78.507770,38.036580,22
192,-78.507430,38.037500,23
192,-78.507090,38.038510,24
192,-78.506820,38.039210,25
192,-78.506620,38.039820,26
192,-78.507340,38.040270,27
192,-78.508100,38.040680,28
192,-78.508800,38.041090,29
192,-78.509559,38.041550,30
192,-78.511470,38.042500,31
192,-78.511230,38.042680,32
192,-78.510970,38.042940,33
192,-78.510890,38.043090,34
192,-78.510859,38.043330,35
192,-78.510800,38.043580,36
192,-78.510880,38.044330,37
192,-78.510859,38.044660,38
192,-78.510740,38.044900,39
192,-78.510245,38.044771,40
192,-78.510458,38.044513,41
192,-78.510589,38.044347,42
192,-78.510607,38.044175,43
192,-78.510493,38.044080,44
192,-78.510129,38.043892,45
192,-78.509257,38.045132,46
193,-78.510375,38.044612,1
193,-78.510585,38.044352,2
193,-78.510598,38.044178,3
193,-78.510505,38.044084,4
193,-78.510119,38.043896,5
193,-78.508704,38.045938,6
193,-78.505160,38.044410,7
193,-78.505350,38.043880,8
193,-78.505400,38.043440,9
193,-78.506176,38.041168,10
193,-78.507604,38.041344,11
193,-78.508288,38.041666,12
193,-78.508800,38.041090,13
193,-78.508100,38.040680,14
193,-78.507340,38.040270,15
193,-78.506620,38.039820,16
193,-78.506820,38.039210,17
193,-78.507090,38.038510,18
193,-78.507430,38.037500,19
193,-78.507770,38.036580,20
193,-78.508700,38.034230,21
193,-78.508889,38.033710,22
193,-78.508970,38.033290,23
193,-78.509090,38.032760,24
193,-78.508930,38.032520,25
193,-78.508740,38.032240,26
193,-78.508590,38.032120,27
193,-78.508280,38.031990,28
193,-78.508080,38.031960,29
193,-78.507850,38.031960,30
193,-78.507580,38.032020,31
193,-78.507490,38.032070,32
193,-78.507400,38.032090,33
193,-78.506790,38.032120,34
193,-78.506390,38.032100,35
193,-78.505910,38.032070,36
193,-78.504600,38.032030,37
193,-78.503640,38.032030,38
193,-78.502710,38.032070,39
193,-78.501780,38.032100,40
193,-78.501700,38.031790,41
193,-78.501600,38.031670,42
193,-78.501400,38.031550,43
193,-78.500530,38.031200,44
193,-78.499450,38.030780,45
193,-78.499060,38.030590,46
193,-78.498820,38.030300,47
193,-78.496780,38.030850,48
193,-78.496840,38.031140,49
193,-78.497400,38.031380,50
193,-78.497770,38.031540,51
193,-78.498260,38.031750,52
193,-78.498840,38.032010,53
193,-78.499430,38.032240,54
193,-78.499690,38.032390,55
193,-78.499790,38.032500,56
193,-78.499799,38.032610,57
193,-78.499790,38.032670,58
193,-78.500582,38.032456,59
202,-78.494050,38.041870,1
202,-78.492140,38.041800,2
202,-78.492120,38.041760,3
202,-78.492099,38.041620,4
202,-78.492110,38.041470,5
202,-78.492130,38.040780,6
202,-78.492099,38.040460,7
202,-78.492080,38.040360,8
202,-78.491820,38.039910,9
202,-78.491260,38.039240,10
202,-78.491280,38.039120,11
202,-78.491300,38.039040,12
202,-78.491640,38.038560,13
202,-78.491919,38.038610,14
202,-78.492570,38.038820,15
202,-78.493380,38.039110,16
202,-78.494280,38.039420,17
202,-78.495250,38.039770,18
202,-78.496200,38.040150,19
202,-78.497200,38.040480,20
202,-78.497760,38.040690,21
202,-78.498250,38.040870,22
202,-78.498710,38.041040,23
202,-78.499350,38.041300,24
202,-78.499480,38.041350,25
202,-78.500390,38.041730,26
202,-78.501000,38.040830,27
202,-78.501230,38.040460,28
202,-78.501700,38.039710,29
202,-78.501790,38.039580,30
202,-78.501870,38.039450,31
202,-78.502140,38.038930,32
202,-78.502700,38.037910,33
202,-78.503350,38.036860,34
202,-78.503410,38.036750,35
202,-78.503890,38.036780,36
202,-78.504170,38.036760,37
202,-78.504390,38.036690,38
202,-78.504490,38.036630,39
202,-78.504570,38.036530,40
202,-78.504780,38.036190,41
202,-78.505170,38.035570,42
202,-78.505750,38.034600,43
202,-78.505840,38.034510,44
202,-78.505990,38.034380,45
202,-78.506310,38.034230,46
202,-78.506650,38.034090,47
202,-78.507000,38.033930,48
202,-78.507260,38.033810,49
202,-78.507490,38.033710,50
202,-78.507710,38.033670,51
202,-78.507960,38.033650,52
202,-78.508450,38.033690,53
202,-78.508890,38.033710,54
202,-78.509630,38.033730,55
202,-78.510150,38.033770,56
202,-78.510510,38.033860,57
202,-78.510900,38.033980,58
202,-78.511080,38.034030,59
202,-78.512460,38.034530,60
202,-78.512829,38.034680,61
202,-78.513460,38.035090,62
202,-78.513660,38.035210,63
202,-78.513700,38.035220,64
202,-78.513810,38.035230,65
202,-78.514050,38.035220,66
202,-78.514120,38.033950,67
202,-78.514160,38.033580,68
202,-78.514250,38.033220,69
202,-78.514580,38.032540,70
202,-78.514030,38.032340,71
202,-78.513620,38.032240,72
202,-78.513480,38.032220,73
202,-78.512770,38.032200,74
202,-78.512230,38.032140,75
202,-78.512110,38.032110,76
202,-78.511021,38.031488,77
202,-78.512185,38.030678,78
202,-78.513539,38.029786,79
202,-78.514000,38.029595,80
202,-78.514713,38.029493,81
202,-78.515866,38.030195,82
202,-78.516319,38.029400,83
202,-78.516430,38.029120,84
202,-78.516470,38.028680,85
202,-78.516460,38.027590,86
202,-78.516390,38.027390,87
202,-78.516360,38.027270,88
202,-78.516099,38.027110,89
202,-78.515620,38.026790,90
202,-78.515490,38.026690,91
202,-78.515320,38.026500,92
202,-78.514979,38.025890,93
202,-78.514920,38.025890,94
202,-78.514820,38.025900,95
202,-78.514619,38.025930,96
202,-78.514490,38.025950,97
202,-78.513310,38.026350,98
202,-78.512820,38.026660,99
202,-78.512350,38.026950,100
202,-78.511250,38.027630,101
202,-78.510570,38.028050,102
202,-78.509950,38.028440,103
202,-78.509580,38.028810,104
202,-78.509250,38.029280,105
202,-78.508220,38.030810,106
202,-78.507949,38.031280,107
202,-78.507690,38.031690,108
202,-78.507580,38.032020,109
202,-78.507490,38.032070,110
202,-78.507400,38.032090,111
202,-78.506790,38.032120,112
202,-78.506390,38.032100,113
202,-78.505910,38.032070,114
202,-78.504600,38.032030,115
202,-78.503640,38.032030,116
202,-78.502710,38.032070,117
202,-78.501780,38.032100,118
202,-78.499760,38.032680,119
209,-78.510573,38.050332,1
209,-78.510578,38.050356,2
209,-78.510595,38.050336,3
209,-78.510450,38.050070,4
209,-78.510390,38.049970,5
209,-78.510250,38.049790,6
209,-78.510060,38.049620,7
209,-78.509829,38.049480,8
209,-78.509580,38.049420,9
209,-78.509310,38.049400,10
209,-78.509000,38.049410,11
209,-78.508470,38.049480,12
209,-78.508280,38.049440,13
209,-78.508100,38.049330,14
209,-78.508010,38.049250,15
209,-78.507960,38.049170,16
209,-78.507940,38.049060,17
209,-78.508039,38.048070,18
209,-78.508380,38.048000,19
209,-78.508510,38.047940,20
209,-78.509750,38.046390,21
209,-78.510101,38.045776,22
209,-78.509123,38.045355,23
209,-78.508706,38.045940,24
209,-78.505160,38.044410,25
209,-78.505350,38.043880,26
209,-78.505400,38.043440,27
209,-78.506070,38.041490,28
209,-78.506191,38.041164,29
209,-78.507604,38.041344,30
209,-78.508288,38.041666,31
209,-78.508800,38.041090,32
209,-78.509560,38.041550,33
209,-78.511470,38.042500,34
209,-78.512220,38.041780,35
209,-78.512460,38.041560,36
209,-78.512940,38.041280,37
209,-78.513080,38.041170,38
209,-78.513303,38.040970,39
209,-78.514080,38.040090,40
209,-78.515280,38.038740,41
209,-78.515379,38.038660,42
209,-78.515320,38.038580,43
209,-78.515220,38.038350,44
209,-78.514940,38.037640,45
209,-78.514090,38.036070,46
209,-78.514050,38.035950,47
209,-78.514030,38.035730,48
209,-78.514050,38.035220,49
209,-78.513810,38.035230,50
209,-78.513700,38.035220,51
209,-78.513660,38.035210,52
209,-78.513460,38.035090,53
209,-78.512829,38.034680,54
209,-78.512460,38.034530,55
209,-78.511080,38.034030,56
209,-78.510900,38.033980,57
209,-78.510510,38.033860,58
209,-78.510150,38.033770,59
209,-78.509630,38.033730,60
209,-78.508890,38.033710,61
209,-78.508450,38.033690,62
209,-78.507960,38.033650,63
209,-78.507710,38.033670,64
209,-78.507490,38.033710,65
209,-78.507260,38.033810,66
209,-78.507000,38.033930,67
209,-78.506650,38.034090,68
209,-78.506310,38.034230,69
209,-78.505990,38.034380,70
209,-78.505840,38.034510,71
209,-78.505750,38.034600,72
209,-78.505170,38.035570,73
209,-78.504711,38.036318,74
210,-78.519478,38.029265,1
210,-78.519511,38.029303,2
210,-78.519726,38.029392,3
210,-78.519925,38.029440,4
210,-78.520112,38.029462,5
210,-78.520324,38.029463,6
210,-78.520419,38.029619,7
210,-78.520514,38.029674,8
210,-78.520469,38.030367,9
210,-78.520419,38.030366,10
210,-78.520296,38.030466,11
210,-78.519856,38.030455,12
210,-78.519437,38.030527,13
210,-78.519119,38.030609,14
210,-78.518903,38.030761,15
210,-78.518555,38.031169,16
210,-78.518385,38.031431,17
210,-78.518254,38.031670,18
210,-78.518150,38.031990,19
210,-78.517970,38.032050,20
210,-78.517700,38.032650,21
210,-78.517690,38.032720,22
210,-78.517720,38.032820,23
210,-78.517870,38.033070,24
210,-78.517900,38.033150,25
210,-78.517910,38.033240,26
210,-78.517850,38.033560,27
210,-78.517670,38.033970,28
210,-78.517280,38.034640,29
210,-78.517130,38.034790,30
210,-78.516930,38.034940,31
210,-78.516710,38.035010,32
210,-78.515780,38.035100,33
210,-78.514050,38.035220,34
210,-78.513810,38.035230,35
210,-78.513700,38.035220,36
210,-78.513660,38.035210,37
210,-78.513460,38.035090,38
210,-78.512829,38.034680,39
210,-78.512460,38.034530,40
210,-78.511080,38.034030,41
210,-78.510900,38.033980,42
210,-78.510510,38.033860,43
210,-78.510150,38.033770,44
210,-78.509630,38.033730,45
210,-78.508890,38.033710,46
210,-78.508450,38.033690,47
210,-78.507960,38.033650,48
210,-78.507710,38.033670,49
210,-78.507490,38.033710,50
210,-78.507260,38.033810,51
210,-78.507000,38.033930,52
210,-78.506650,38.034090,53
210,-78.506310,38.034230,54
210,-78.505990,38.034380,55
210,-78.505840,38.034510,56
210,-78.505750,38.034600,57
210,-78.505170,38.035570,58
210,-78.504780,38.036190,59
210,-78.504570,38.036530,60
210,-78.504570,38.036720,61
210,-78.504610,38.036910,62
210,-78.504670,38.037050,63
210,-78.504840,38.037310,64
210,-78.504930,38.037420,65
210,-78.505740,38.038930,66
210,-78.505889,38.039260,67
210,-78.505960,38.039370,68
210,-78.506130,38.039520,69
210,-78.506620,38.039820,70
210,-78.505400,38.043440,71
210,-78.505030,38.044360,72
210,-78.509750,38.046390,73
210,-78.510300,38.045460,74
210,-78.510668,38.044942,75
210,-78.510271,38.044749,76
210,-78.510659,38.044278,77
210,-78.510434,38.044052,78
210,-78.510097,38.043922,79
210,-78.508724,38.045944,80
210,-78.509750,38.046390,81
210,-78.511150,38.047080,82
210,-78.511430,38.047280,83
210,-78.511709,38.047550,84
210,-78.511940,38.047850,85
210,-78.512009,38.048012,86
210,-78.512070,38.048190,87
210,-78.512100,38.048940,88
210,-78.512289,38.049300,89
210,-78.512730,38.049750,90
210,-78.513050,38.049970,91
210,-78.512210,38.051230,92
210,-78.511860,38.051650,93
210,-78.512370,38.051890,94
210,-78.512480,38.051990,95
210,-78.512600,38.052040,96
210,-78.513710,38.052450,97
210,-78.513840,38.052330,98
210,-78.513790,38.052150,99
210,-78.512760,38.051750,100
210,-78.512440,38.051710,101
210,-78.511979,38.051540,102
210,-78.511860,38.051650,103
210,-78.510970,38.051910,104
210,-78.509310,38.051970,105
210,-78.509110,38.051660,106
210,-78.508590,38.051400,107
210,-78.508210,38.050930,108
210,-78.506040,38.049240,109
210,-78.505404,38.048859,110
210,-78.504810,38.049412,111
210,-78.503792,38.048751,112
210,-78.504323,38.048210,113
210,-78.504850,38.048510,114
210,-78.506040,38.049240,115
210,-78.508210,38.050930,116
210,-78.508590,38.051400,117
210,-78.509110,38.051660,118
210,-78.509310,38.051970,119
210,-78.510970,38.051910,120
210,-78.511860,38.051650,121
210,-78.512370,38.051890,122
210,-78.512480,38.051990,123
210,-78.512600,38.052040,124
210,-78.513710,38.052450,125
210,-78.513840,38.052330,126
210,-78.513790,38.052150,127
210,-78.512760,38.051750,128
210,-78.512440,38.051710,129
210,-78.511979,38.051540,130
210,-78.512210,38.051230,131
210,-78.513050,38.049970,132
210,-78.512730,38.049750,133
210,-78.512289,38.049300,134
210,-78.512100,38.048940,135
210,-78.512070,38.048190,136
210,-78.512038,38.048015,137
210,-78.511940,38.047850,138
210,-78.511709,38.047550,139
210,-78.511430,38.047280,140
210,-78.511150,38.047080,141
210,-78.509750,38.046390,142
210,-78.510300,38.045460,143
210,-78.510687,38.044949,144
210,-78.510280,38.044749,145
210,-78.510648,38.044294,146
210,-78.510404,38.044041,147
210,-78.510116,38.043915,148
210,-78.508725,38.045945,149
210,-78.505160,38.044410,150
210,-78.505400,38.043440,151
210,-78.506190,38.041150,152
210,-78.507604,38.041344,153
210,-78.508288,38.041666,154
210,-78.508800,38.041090,155
210,-78.506620,38.039820,156
210,-78.506130,38.039520,157
210,-78.505889,38.039260,158
210,-78.505740,38.038930,159
210,-78.504930,38.037420,160
210,-78.504670,38.037050,161
210,-78.504570,38.036720,162
210,-78.504570,38.036530,163
210,-78.504780,38.036190,164
210,-78.505170,38.035570,165
210,-78.505750,38.034600,166
210,-78.505990,38.034380,167
210,-78.507260,38.033810,168
210,-78.507490,38.033710,169
210,-78.507960,38.033650,170
210,-78.508889,38.033710,171
210,-78.510150,38.033770,172
210,-78.510900,38.033980,173
210,-78.512460,38.034530,174
210,-78.512829,38.034680,175
210,-78.513460,38.035090,176
210,-78.513700,38.035220,177
210,-78.514050,38.035220,178
210,-78.514160,38.033580,179
210,-78.514250,38.033220,180
210,-78.514580,38.032540,181
210,-78.516320,38.029400,182
210,-78.516430,38.029120,183
210,-78.516470,38.028680,184
210,-78.518850,38.028480,185
210,-78.519660,38.028450,186
210,-78.519757,38.028472,187
210,-78.520226,38.028489,188
210,-78.520247,38.028758,189
210,-78.520117,38.028821,190
210,-78.519632,38.028911,191
210,-78.519455,38.029070,192
210,-78.519425,38.029203,193
210,-78.519505,38.029299,194
210,-78.519563,38.029323,195
213,-78.519478,38.029265,1
213,-78.519511,38.029303,2
213,-78.519753,38.029401,3
213,-78.519925,38.029440,4
213,-78.520112,38.029462,5
213,-78.520324,38.029463,6
213,-78.520419,38.029619,7
213,-78.520514,38.029674,8
213,-78.520469,38.030367,9
213,-78.520419,38.030366,10
213,-78.520296,38.030466,11
213,-78.519856,38.030455,12
213,-78.519437,38.030527,13
213,-78.519119,38.030609,14
213,-78.518903,38.030761,15
213,-78.518555,38.031169,16
213,-78.518385,38.031431,17
213,-78.518254,38.031670,18
213,-78.518150,38.031990,19
213,-78.517970,38.032050,20
213,-78.517700,38.032650,21
213,-78.517690,38.032720,22
213,-78.517720,38.032820,23
213,-78.517870,38.033070,24
213,-78.517900,38.033150,25
213,-78.517910,38.033240,26
213,-78.517850,38.033560,27
213,-78.517670,38.033970,28
213,-78.517280,38.034640,29
213,-78.517130,38.034790,30
213,-78.516930,38.034940,31
213,-78.516710,38.035010,32
213,-78.515780,38.035100,33
213,-78.514050,38.035220,34
213,-78.513810,38.035230,35
213,-78.513700,38.035220,36
213,-78.513660,38.035210,37
213,-78.513460,38.035090,38
213,-78.512829,38.034680,39
213,-78.512460,38.034530,40
213,-78.511080,38.034030,41
213,-78.510900,38.033980,42
213,-78.510510,38.033860,43
213,-78.510150,38.033770,44
213,-78.509630,38.033730,45
213,-78.508890,38.033710,46
213,-78.508450,38.033690,47
213,-78.507960,38.033650,48
213,-78.507710,38.033670,49
213,-78.507490,38.033710,50
213,-78.507260,38.033810,51
213,-78.507000,38.033930,52
213,-78.506650,38.034090,53
213,-78.506310,38.034230,54
213,-78.505990,38.034380,55
213,-78.505840,38.034510,56
213,-78.505750,38.034600,57
213,-78.505170,38.035570,58
213,-78.504780,38.036190,59
213,-78.504570,38.036530,60
213,-78.504570,38.036720,61
213,-78.504610,38.036910,62
213,-78.504670,38.037050,63
213,-78.504840,38.037310,64
213,-78.504930,38.037420,65
213,-78.505740,38.038930,66
213,-78.505889,38.039260,67
213,-78.505960,38.039370,68
213,-78.506130,38.039520,69
213,-78.506620,38.039820,70
213,-78.505400,38.043440,71
213,-78.505030,38.044360,72
213,-78.509750,38.046390,73
213,-78.510300,38.045460,74
213,-78.510668,38.044942,75
213,-78.510271,38.044749,76
213,-78.510659,38.044278,77
213,-78.510434,38.044052,78
213,-78.510097,38.043922,79
213,-78.508724,38.045944,80
213,-78.509750,38.046390,81
213,-78.511150,38.047080,82
213,-78.511430,38.047280,83
213,-78.511709,38.047550,84
213,-78.511940,38.047850,85
213,-78.512030,38.048010,86
213,-78.512070,38.048190,87
213,-78.512100,38.048940,88
213,-78.512289,38.049300,89
213,-78.512730,38.049750,90
213,-78.513050,38.049970,91
213,-78.512210,38.051230,92
213,-78.511860,38.051650,93
213,-78.512370,38.051890,94
213,-78.512480,38.051990,95
213,-78.512600,38.052040,96
213,-78.513710,38.052450,97
213,-78.513840,38.052330,98
213,-78.513790,38.052150,99
213,-78.512760,38.051750,100
213,-78.512440,38.051710,101
213,-78.511979,38.051540,102
213,-78.511860,38.051650,103
213,-78.510970,38.051910,104
213,-78.509310,38.051970,105
213,-78.509110,38.051660,106
213,-78.508590,38.051400,107
213,-78.508210,38.050930,108
213,-78.508000,38.050740,109
213,-78.506040,38.049240,110
213,-78.505404,38.048859,111
213,-78.504810,38.049412,112
213,-78.503792,38.048751,113
213,-78.504323,38.048210,114
213,-78.504850,38.048510,115
213,-78.505352,38.048818,116
215,-78.519478,38.029265,1
215,-78.519511,38.029303,2
215,-78.519753,38.029401,3
215,-78.519925,38.029440,4
215,-78.520112,38.029462,5
215,-78.520324,38.029463,6
215,-78.520419,38.029619,7
215,-78.520514,38.029674,8
215,-78.520469,38.030367,9
215,-78.520419,38.030366,10
215,-78.520296,38.030466,11
215,-78.519856,38.030455,12
215,-78.519437,38.030527,13
215,-78.519119,38.030609,14
215,-78.518903,38.030761,15
215,-78.518555,38.031169,16
215,-78.518385,38.031431,17
215,-78.518254,38.031670,18
215,-78.518150,38.031990,19
215,-78.517970,38.032050,20
215,-78.517700,38.032650,21
215,-78.517690,38.032720,22
215,-78.517720,38.032820,23
215,-78.517870,38.033070,24
215,-78.517900,38.033150,25
215,-78.517910,38.033240,26
215,-78.517850,38.033560,27
215,-78.517670,38.033970,28
215,-78.517280,38.034640,29
215,-78.517130,38.034790,30
215,-78.516930,38.034940,31
215,-78.516710,38.035010,32
215,-78.515780,38.035100,33
215,-78.514050,38.035220,34
215,-78.513810,38.035230,35
215,-78.513700,38.035220,36
215,-78.513660,38.035210,37
215,-78.513460,38.035090,38
215,-78.512829,38.034680,39
215,-78.512460,38.034530,40
215,-78.511080,38.034030,41
215,-78.510900,38.033980,42
215,-78.510510,38.033860,43
215,-78.510150,38.033770,44
215,-78.509630,38.033730,45
215,-78.508890,38.033710,46
215,-78.508450,38.033690,47
215,-78.507960,38.033650,48
215,-78.507710,38.033670,49
215,-78.507490,38.033710,50
215,-78.507260,38.033810,51
215,-78.507000,38.033930,52
215,-78.506650,38.034090,53
215,-78.506310,38.034230,54
215,-78.505990,38.034380,55
215,-78.505840,38.034510,56
215,-78.505750,38.034600,57
215,-78.505170,38.035570,58
215,-78.504780,38.036190,59
215,-78.504570,38.036530,60
215,-78.504570,38.036720,61
215,-78.504610,38.036910,62
215,-78.504670,38.037050,63
215,-78.504840,38.037310,64
215,-78.504930,38.037420,65
215,-78.505740,38.038930,66
215,-78.505889,38.039260,67
215,-78.505960,38.039370,68
215,-78.506130,38.039520,69
215,-78.506620,38.039820,70
215,-78.505400,38.043440,71
215,-78.505030,38.044360,72
215,-78.509750,38.046390,73
215,-78.510300,38.045460,74
215,-78.510668,38.044942,75
215,-78.510271,38.044749,76
215,-78.510659,38.044278,77
215,-78.510434,38.044052,78
215,-78.510097,38.043922,79
215,-78.508724,38.045944,80
215,-78.509750,38.046390,81
215,-78.511150,38.047080,82
215,-78.511430,38.047280,83
215,-78.511709,38.047550,84
215,-78.511940,38.047850,85
215,-78.512030,38.048010,86
215,-78.512070,38.048190,87
215,-78.512100,38.048940,88
215,-78.512289,38.049300,89
215,-78.512730,38.049750,90
215,-78.513050,38.049970,91
215,-78.512210,38.051230,92
215,-78.511860,38.051650,93
215,-78.512370,38.051890,94
215,-78.512480,38.051990,95
215,-78.512600,38.052040,96
215,-78.513710,38.052450,97
215,-78.513840,38.052330,98
215,-78.513790,38.052150,99
215,-78.512760,38.051750,100
215,-78.512440,38.051710,101
215,-78.511979,38.051540,102
215,-78.511860,38.051650,103
215,-78.510970,38.051910,104
215,-78.509310,38.051970,105
215,-78.509110,38.051660,106
215,-78.508590,38.051400,107
215,-78.508210,38.050930,108
215,-78.506040,38.049240,109
215,-78.505404,38.048859,110
215,-78.504810,38.049412,111
215,-78.503792,38.048751,112
215,-78.504323,38.048210,113
215,-78.504850,38.048510,114
215,-78.506040,38.049240,115
215,-78.508210,38.050930,116
215,-78.508590,38.051400,117
215,-78.509110,38.051660,118
215,-78.509310,38.051970,119
215,-78.510970,38.051910,120
215,-78.511860,38.051650,121
215,-78.512370,38.051890,122
215,-78.512480,38.051990,123
215,-78.512600,38.052040,124
215,-78.513710,38.052450,125
215,-78.513840,38.052330,126
215,-78.513790,38.052150,127
215,-78.512760,38.051750,128
215,-78.512440,38.051710,129
215,-78.511979,38.051540,130
215,-78.512210,38.051230,131
215,-78.513050,38.049970,132
215,-78.512730,38.049750,133
215,-78.512289,38.049300,134
215,-78.512100,38.048940,135
215,-78.512070,38.048190,136
215,-78.511940,38.047850,137
215,-78.511709,38.047550,138
215,-78.511430,38.047280,139
215,-78.511150,38.047080,140
215,-78.509750,38.046390,141
215,-78.510300,38.045460,142
215,-78.510687,38.044949,143
215,-78.510280,38.044749,144
215,-78.510648,38.044294,145
215,-78.510404,38.044041,146
215,-78.510116,38.043915,147
215,-78.509273,38.045139,148
216,-78.519640,38.028907,1
216,-78.519451,38.029068,2
216,-78.519425,38.029205,3
216,-78.519511,38.029303,4
216,-78.519753,38.029401,5
216,-78.519925,38.029440,6
216,-78.520112,38.029462,7
216,-78.520324,38.029463,8
216,-78.520419,38.029619,9
216,-78.520514,38.029674,10
216,-78.520469,38.030367,11
216,-78.520419,38.030366,12
216,-78.520296,38.030466,13
216,-78.519856,38.030455,14
216,-78.519437,38.030527,15
216,-78.519119,38.030609,16
216,-78.518903,38.030761,17
216,-78.518555,38.031169,18
216,-78.518385,38.031431,19
216,-78.518254,38.031670,20
216,-78.518150,38.031990,21
216,-78.517970,38.032050,22
216,-78.517700,38.032650,23
216,-78.517690,38.032720,24
216,-78.517720,38.032820,25
216,-78.517870,38.033070,26
216,-78.517900,38.033150,27
216,-78.517910,38.033240,28
216,-78.517850,38.033560,29
216,-78.517670,38.033970,30
216,-78.517280,38.034640,31
216,-78.517130,38.034790,32
216,-78.516930,38.034940,33
216,-78.516710,38.035010,34
216,-78.515780,38.035100,35
216,-78.514050,38.035220,36
216,-78.513810,38.035230,37
216,-78.513700,38.035220,38
216,-78.513660,38.035210,39
216,-78.513460,38.035090,40
216,-78.512829,38.034680,41
216,-78.512460,38.034530,42
216,-78.511080,38.034030,43
216,-78.510900,38.033980,44
216,-78.510510,38.033860,45
216,-78.510150,38.033770,46
216,-78.509630,38.033730,47
216,-78.508890,38.033710,48
216,-78.508450,38.033690,49
216,-78.507960,38.033650,50
216,-78.507710,38.033670,51
216,-78.507490,38.033710,52
216,-78.507260,38.033810,53
216,-78.507000,38.033930,54
216,-78.506650,38.034090,55
216,-78.506310,38.034230,56
216,-78.505990,38.034380,57
216,-78.505840,38.034510,58
216,-78.505750,38.034600,59
216,-78.505170,38.035570,60
216,-78.504780,38.036190,61
216,-78.504570,38.036530,62
220,-78.509430,38.044926,1
220,-78.508745,38.045965,2
220,-78.509750,38.046390,3
220,-78.511150,38.047080,4
220,-78.511430,38.047280,5
220,-78.511709,38.047550,6
220,-78.511940,38.047850,7
220,-78.512030,38.048010,8
220,-78.512070,38.048190,9
220,-78.512100,38.048940,10
220,-78.512289,38.049300,11
220,-78.512730,38.049750,12
220,-78.513050,38.049970,13
220,-78.512210,38.051230,14
220,-78.511860,38.051650,15
220,-78.512370,38.051890,16
220,-78.512480,38.051990,17
220,-78.512600,38.052040,18
220,-78.513710,38.052450,19
220,-78.513840,38.052330,20
220,-78.513790,38.052150,21
220,-78.512760,38.051750,22
220,-78.512440,38.051710,23
220,-78.511979,38.051540,24
220,-78.511860,38.051650,25
220,-78.510970,38.051910,26
220,-78.509310,38.051970,27
220,-78.509110,38.051660,28
220,-78.508590,38.051400,29
220,-78.508210,38.050930,30
220,-78.506040,38.049240,31
220,-78.505404,38.048859,32
220,-78.504810,38.049412,33
220,-78.503792,38.048751,34
220,-78.504323,38.048210,35
220,-78.504850,38.048510,36
220,-78.506040,38.049240,37
220,-78.508210,38.050930,38
220,-78.508590,38.051400,39
220,-78.509110,38.051660,40
220,-78.509310,38.051970,41
220,-78.510970,38.051910,42
220,-78.511860,38.051650,43
220,-78.512370,38.051890,44
220,-78.512480,38.051990,45
220,-78.512600,38.052040,46
220,-78.513710,38.052450,47
220,-78.513840,38.052330,48
220,-78.513790,38.052150,49
220,-78.512760,38.051750,50
220,-78.512440,38.051710,51
220,-78.511979,38.051540,52
220,-78.512210,38.051230,53
220,-78.513050,38.049970,54
220,-78.512730,38.049750,55
220,-78.512289,38.049300,56
220,-78.512100,38.048940,57
220,-78.512070,38.048190,58
220,-78.511940,38.047850,59
220,-78.511709,38.047550,60
220,-78.511430,38.047280,61
220,-78.511150,38.047080,62
220,-78.509750,38.046390,63
220,-78.510291,38.045481,64
220,-78.510687,38.044949,65
220,-78.510280,38.044749,66
220,-78.510648,38.044294,67
220,-78.510404,38.044041,68
220,-78.510116,38.043915,69
220,-78.508710,38.045938,70
220,-78.505160,38.044410,71
220,-78.505400,38.043440,72
220,-78.506190,38.041150,73
220,-78.507604,38.041344,74
220,-78.508288,38.041666,75
220,-78.508800,38.041090,76
220,-78.506620,38.039820,77
220,-78.506130,38.039520,78
220,-78.505889,38.039260,79
220,-78.505740,38.038930,80
220,-78.504930,38.037420,81
220,-78.504670,38.037050,82
220,-78.504610,38.036910,83
220,-78.504570,38.036720,84
220,-78.504570,38.036530,85
220,-78.504780,38.036190,86
220,-78.505750,38.034600,87
220,-78.505990,38.034380,88
220,-78.507260,38.033810,89
220,-78.507490,38.033710,90
220,-78.507960,38.033650,91
220,-78.510150,38.033770,92
220,-78.510900,38.033980,93
220,-78.512460,38.034530,94
220,-78.512829,38.034680,95
220,-78.513460,38.035090,96
220,-78.513700,38.035220,97
220,-78.514050,38.035220,98
220,-78.514160,38.033580,99
220,-78.514250,38.033220,100
220,-78.514580,38.032540,101
220,-78.516320,38.029400,102
220,-78.516430,38.029120,103
220,-78.516470,38.028680,104
220,-78.518850,38.028480,105
220,-78.519660,38.028450,106
220,-78.519757,38.028472,107
220,-78.520226,38.028489,108
220,-78.520247,38.028758,109
220,-78.520117,38.028821,110
220,-78.519632,38.028911,111
220,-78.519455,38.029070,112
220,-78.519425,38.029203,113
220,-78.519505,38.029299,114
220,-78.519563,38.029323,115
221,-78.509509,38.044782,1
221,-78.508710,38.045938,2
221,-78.505160,38.044410,3
221,-78.505400,38.043440,4
221,-78.506190,38.041150,5
221,-78.507604,38.041344,6
221,-78.508288,38.041666,7
221,-78.508800,38.041090,8
221,-78.506620,38.039820,9
221,-78.506130,38.039520,10
221,-78.505889,38.039260,11
221,-78.505740,38.038930,12
221,-78.504930,38.037420,13
221,-78.504670,38.037050,14
221,-78.504610,38.036910,15
221,-78.504570,38.036720,16
221,-78.504570,38.036530,17
221,-78.504780,38.036190,18
221,-78.505750,38.034600,19
221,-78.505990,38.034380,20
221,-78.507260,38.033810,21
221,-78.507490,38.033710,22
221,-78.507960,38.033650,23
221,-78.510150,38.033770,24
221,-78.510900,38.033980,25
221,-78.512460,38.034530,26
221,-78.512829,38.034680,27
221,-78.513460,38.035090,28
221,-78.513700,38.035220,29
221,-78.514050,38.035220,30
221,-78.514160,38.033580,31
221,-78.514250,38.033220,32
221,-78.514580,38.032540,33
221,-78.516320,38.029400,34
221,-78.516430,38.029120,35
221,-78.516470,38.028680,36
221,-78.518850,38.028480,37
221,-78.519660,38.028450,38
221,-78.519757,38.028472,39
221,-78.520226,38.028489,40
221,-78.520247,38.028758,41
221,-78.520117,38.028821,42
221,-78.519632,38.028911,43
221,-78.519455,38.029070,44
221,-78.519425,38.029203,45
221,-78.519505,38.029299,46
221,-78.519726,38.029391,47
224,-78.505170,38.035570,1
224,-78.504570,38.036530,2
224,-78.504570,38.036720,3
224,-78.504610,38.036910,4
224,-78.504670,38.037050,5
224,-78.504840,38.037310,6
224,-78.504930,38.037420,7
224,-78.505740,38.038930,8
224,-78.505889,38.039260,9
224,-78.505960,38.039370,10
224,-78.506130,38.039520,11
224,-78.506620,38.039820,12
224,-78.507340,38.040270,13
224,-78.508100,38.040680,14
224,-78.508800,38.041090,15
224,-78.509560,38.041550,16
224,-78.511470,38.042500,17
224,-78.511230,38.042680,18
224,-78.510970,38.042940,19
224,-78.510890,38.043090,20
224,-78.510859,38.043330,21
224,-78.510800,38.043580,22
224,-78.510880,38.044330,23
224,-78.510830,38.044660,24
224,-78.510620,38.045010,25
224,-78.510300,38.045460,26
224,-78.510122,38.045790,27
224,-78.509118,38.045335,28
224,-78.508706,38.045946,29
224,-78.509750,38.046390,30
224,-78.508510,38.047940,31
224,-78.508380,38.048000,32
224,-78.508039,38.048070,33
224,-78.507940,38.049060,34
224,-78.507960,38.049170,35
224,-78.508010,38.049250,36
224,-78.508100,38.049330,37
224,-78.508280,38.049440,38
224,-78.508470,38.049480,39
224,-78.509000,38.049410,40
224,-78.509310,38.049400,41
224,-78.509580,38.049420,42
224,-78.509829,38.049480,43
224,-78.510060,38.049620,44
224,-78.510250,38.049790,45
224,-78.510390,38.049970,46
224,-78.510450,38.050070,47
224,-78.510519,38.050264,48
224,-78.510420,38.050287,49
224,-78.510347,38.050382,50
224,-78.510368,38.050485,51
224,-78.510492,38.050543,52
224,-78.510642,38.050555,53
224,-78.510773,38.050513,54
224,-78.510786,38.050439,55
224,-78.510786,38.050342,56
224,-78.510665,38.050284,57
224,-78.510578,38.050355,58
224,-78.510595,38.050336,59
224,-78.510568,38.050314,60
224,-78.510529,38.050278,61
224,-78.510503,38.050206,62
237,-78.509811,38.044343,1
237,-78.508704,38.045940,2
237,-78.505160,38.044410,3
237,-78.505350,38.043880,4
237,-78.505400,38.043440,5
237,-78.506070,38.041490,6
237,-78.506176,38.041168,7
237,-78.507604,38.041344,8
237,-78.508288,38.041666,9
237,-78.508784,38.041131,10
237,-78.506562,38.039842,11
237,-78.506788,38.039208,12
237,-78.507090,38.038510,13
237,-78.507430,38.037500,14
237,-78.507770,38.036580,15
237,-78.508700,38.034230,16
237,-78.508889,38.033710,17
237,-78.508970,38.033290,18
237,-78.509090,38.032760,19
237,-78.508930,38.032520,20
237,-78.508740,38.032240,21
237,-78.508590,38.032120,22
237,-78.508280,38.031990,23
237,-78.508080,38.031960,24
237,-78.507850,38.031960,25
237,-78.507580,38.032020,26
237,-78.507490,38.032070,27
237,-78.507400,38.032090,28
237,-78.506790,38.032120,29
237,-78.506390,38.032100,30
237,-78.505910,38.032070,31
237,-78.504600,38.032030,32
237,-78.503640,38.032030,33
237,-78.502710,38.032070,34
237,-78.501780,38.032100,35
237,-78.501700,38.031790,36
237,-78.501600,38.031670,37
237,-78.501400,38.031550,38
237,-78.500530,38.031200,39
237,-78.499450,38.030780,40
237,-78.499060,38.030590,41
237,-78.498820,38.030300,42
237,-78.496780,38.030850,43
237,-78.496840,38.031140,44
237,-78.497400,38.031380,45
237,-78.497770,38.031540,46
237,-78.498260,38.031750,47
237,-78.498840,38.032010,48
237,-78.499430,38.032240,49
237,-78.499690,38.032390,50
237,-78.499790,38.032500,51
237,-78.499799,38.032610,52
237,-78.499760,38.032680,53
237,-78.501780,38.032100,54
237,-78.502710,38.032070,55
237,-78.503640,38.032030,56
237,-78.504600,38.032030,57
237,-78.505910,38.032070,58
237,-78.506390,38.032100,59
237,-78.506790,38.032120,60
237,-78.507400,38.032090,61
237,-78.507490,38.032070,62
237,-78.507580,38.032020,63
237,-78.507850,38.031960,64
237,-78.508080,38.031960,65
237,-78.508280,38.031990,66
237,-78.508590,38.032120,67
237,-78.508740,38.032240,68
237,-78.508930,38.032520,69
237,-78.509090,38.032760,70
237,-78.508970,38.033290,71
237,-78.508890,38.033710,72
237,-78.508700,38.034230,73
237,-78.507770,38.036580,74
237,-78.507449,38.037509,75
237,-78.507116,38.038522,76
237,-78.506820,38.039210,77
237,-78.506620,38.039820,78
237,-78.507340,38.040270,79
237,-78.508100,38.040680,80
237,-78.508800,38.041090,81
237,-78.509560,38.041550,82
237,-78.511470,38.042500,83
237,-78.511230,38.042680,84
237,-78.510970,38.042940,85
237,-78.510890,38.043090,86
237,-78.510859,38.043330,87
237,-78.510806,38.043494,88
237,-78.510880,38.044330,89
237,-78.510859,38.044660,90
237,-78.510740,38.044900,91
237,-78.510245,38.044771,92
237,-78.510589,38.044339,93
237,-78.510595,38.044157,94
237,-78.510451,38.044051,95
237,-78.510123,38.043894,96
237,-78.509261,38.045134,97
238,-78.499665,38.032707,1
238,-78.501780,38.032100,2
238,-78.502710,38.032070,3
238,-78.503640,38.032030,4
238,-78.504600,38.032030,5
238,-78.505910,38.032070,6
238,-78.506390,38.032100,7
238,-78.506790,38.032120,8
238,-78.507400,38.032090,9
238,-78.507490,38.032070,10
238,-78.507580,38.032020,11
238,-78.507850,38.031960,12
238,-78.508080,38.031960,13
238,-78.508280,38.031990,14
238,-78.508590,38.032120,15
238,-78.508740,38.032240,16
238,-78.508930,38.032520,17
238,-78.509090,38.032760,18
238,-78.508970,38.033290,19
238,-78.508889,38.033710,20
238,-78.508700,38.034230,21
238,-78.507770,38.036580,22
238,-78.507430,38.037500,23
238,-78.507090,38.038510,24
238,-78.506820,38.039210,25
238,-78.506620,38.039820,26
238,-78.507340,38.040270,27
238,-78.508100,38.040680,28
238,-78.508800,38.041090,29
238,-78.509559,38.041550,30
238,-78.511470,38.042500,31
238,-78.511230,38.042680,32
238,-78.510970,38.042940,33
238,-78.510890,38.043090,34
238,-78.510859,38.043330,35
238,-78.510800,38.043580,36
238,-78.510880,38.044330,37
238,-78.510859,38.044660,38
238,-78.510740,38.044900,39
238,-78.510245,38.044771,40
238,-78.510458,38.044513,41
238,-78.510589,38.044347,42
238,-78.510607,38.044175,43
238,-78.510493,38.044080,44
238,-78.510129,38.043892,45
238,-78.509257,38.045132,46
